MEME version 4

ALPHABET= ACGT

Background letter frequencies
A 0.199694 C 0.303643 G 0.303631 T 0.193032

MOTIF GCCASCAGRKGGCRCY
letter-probability matrix: alength= 4 w= 16 nsites= 12033 bg_prob= 0 opt_bg_order= 2 log(Pval)= -2910.89 zoops_score= 0.990488734711906
0.1883 0.1063 0.5953 0.1101
0.0716 0.7510 0.1338 0.0435
0.0527 0.8847 0.0342 0.0283
0.7146 0.0335 0.1556 0.0964
0.0235 0.5673 0.3996 0.0096
0.0821 0.5987 0.0899 0.2294
0.8099 0.0427 0.0634 0.0840
0.0256 0.0309 0.9292 0.0142
0.3791 0.0288 0.5733 0.0187
0.0462 0.0374 0.5988 0.3177
0.0368 0.0275 0.9168 0.0189
0.0487 0.0618 0.8364 0.0530
0.1039 0.7915 0.0426 0.0619
0.3468 0.0401 0.5724 0.0407
0.0601 0.5775 0.3103 0.0521
0.0807 0.3915 0.1417 0.3862

MOTIF GCCASCAGRKGGCRCY
letter-probability matrix: alength= 4 w= 16 nsites= 12033 bg_prob= 0.0 opt_bg_order= 1 log(Pval)= -2895.2148 zoops_score= 0.972333230385377
0.1875 0.1041 0.5917 0.1167
0.0731 0.7519 0.1361 0.0390
0.0461 0.8969 0.0313 0.0256
0.7103 0.0323 0.1576 0.0997
0.0232 0.5590 0.4088 0.0090
0.0748 0.6291 0.0893 0.2068
0.8135 0.0381 0.0679 0.0806
0.0232 0.0311 0.9319 0.0138
0.3804 0.0303 0.5726 0.0168
0.0516 0.0395 0.5831 0.3258
0.0386 0.0292 0.9143 0.0180
0.0485 0.0597 0.8453 0.0464
0.1069 0.7918 0.0412 0.0600
0.3322 0.0374 0.5924 0.0380
0.0504 0.5986 0.3011 0.0498
0.0854 0.3879 0.1500 0.3767

MOTIF GGCCASCAGRKGGCRSY
letter-probability matrix: alength= 4 w= 17 nsites= 12816 bg_prob= 0.0 opt_bg_order= 0 log(Pval)= -2798.8645 zoops_score= 0.944372480968585
0.1751 0.1703 0.4733 0.1814
0.1768 0.1235 0.5786 0.1211
0.0699 0.6938 0.1964 0.0399
0.0780 0.8508 0.0339 0.0373
0.6851 0.0394 0.1285 0.1471
0.0224 0.5135 0.4535 0.0105
0.0843 0.6882 0.0836 0.1439
0.8111 0.0191 0.0588 0.1111
0.0269 0.0234 0.9372 0.0125
0.3680 0.0394 0.5745 0.0180
0.0649 0.0252 0.6065 0.3034
0.0438 0.0193 0.9174 0.0194
0.0477 0.0732 0.8388 0.0403
0.1394 0.7428 0.0521 0.0657
0.4187 0.0423 0.4861 0.0529
0.0470 0.5420 0.3694 0.0416
0.0995 0.4023 0.1218 0.3764

MOTIF CAGCGCCCYC
letter-probability matrix: alength= 4 w= 10 nsites= 909 bg_prob= 0.0002 opt_bg_order= 0 log(Pval)= -664.7811 zoops_score= 0.222858373501397
0.0559 0.5038 0.2572 0.1831
0.4397 0.1101 0.3157 0.1346
0.0525 0.2165 0.6625 0.0685
0.0874 0.6078 0.0893 0.2155
0.1308 0.1166 0.5422 0.2105
0.0363 0.7394 0.1483 0.0759
0.0244 0.8376 0.0626 0.0754
0.2594 0.5530 0.0627 0.1250
0.0272 0.5204 0.1045 0.3479
0.0440 0.7924 0.0836 0.0800

MOTIF CRGCGCCCYC
letter-probability matrix: alength= 4 w= 10 nsites= 909 bg_prob= 0.0002 opt_bg_order= 1 log(Pval)= -664.7811 zoops_score= 0.219431225642533
0.0511 0.5047 0.2667 0.1775
0.3869 0.1544 0.3596 0.0991
0.0637 0.2069 0.6518 0.0777
0.0720 0.6743 0.0842 0.1694
0.1149 0.1038 0.6283 0.1530
0.0442 0.7413 0.1349 0.0796
0.0247 0.7953 0.1091 0.0709
0.2590 0.5248 0.1152 0.1010
0.0275 0.5256 0.1292 0.3177
0.0413 0.7891 0.1030 0.0665

MOTIF GRKGGCRSYR
letter-probability matrix: alength= 4 w= 10 nsites= 1174 bg_prob= 0.0002 opt_bg_order= 2 log(Pval)= -1042.7417 zoops_score= 0.209768848746064
0.0707 0.0890 0.7908 0.0496
0.3225 0.1040 0.5265 0.0470
0.0971 0.0947 0.4900 0.3182
0.0909 0.0718 0.8014 0.0358
0.0952 0.1268 0.7117 0.0662
0.1225 0.6989 0.0812 0.0974
0.4014 0.0676 0.4543 0.0767
0.0620 0.4656 0.4348 0.0376
0.1005 0.4106 0.1468 0.3421
0.3302 0.1892 0.4157 0.0649

MOTIF CRGCGCCCYC
letter-probability matrix: alength= 4 w= 10 nsites= 909 bg_prob= 0.0002 opt_bg_order= 2 log(Pval)= -664.7811 zoops_score= 0.208577489218238
0.0532 0.4944 0.2643 0.1882
0.3935 0.1447 0.3637 0.0982
0.0753 0.2057 0.6273 0.0917
0.0777 0.6490 0.0918 0.1816
0.1229 0.1118 0.6055 0.1597
0.0546 0.7200 0.1405 0.0849
0.0267 0.7967 0.1049 0.0716
0.2599 0.5327 0.1103 0.0970
0.0304 0.5213 0.1224 0.3260
0.0438 0.7825 0.1040 0.0697

MOTIF GRKGGCRSYR
letter-probability matrix: alength= 4 w= 10 nsites= 1174 bg_prob= 0.0002 opt_bg_order= 1 log(Pval)= -1042.7417 zoops_score= 0.207110690463611
0.0681 0.0875 0.7966 0.0478
0.3157 0.1087 0.5329 0.0427
0.1017 0.0991 0.4815 0.3177
0.0906 0.0753 0.8002 0.0338
0.0932 0.1211 0.7307 0.0550
0.1200 0.7128 0.0773 0.0900
0.3794 0.0635 0.4848 0.0723
0.0523 0.4823 0.4325 0.0328
0.1033 0.4136 0.1496 0.3335
0.3149 0.1877 0.4356 0.0619

MOTIF GGCCASCAGR
letter-probability matrix: alength= 4 w= 10 nsites= 1267 bg_prob= 0.0003 opt_bg_order= 2 log(Pval)= -701.702 zoops_score= 0.172186113351116
0.1622 0.1898 0.4787 0.1693
0.1889 0.1412 0.5449 0.1249
0.0895 0.6125 0.2376 0.0604
0.1522 0.6814 0.0649 0.1015
0.5967 0.0766 0.1632 0.1636
0.0369 0.5710 0.3654 0.0266
0.0997 0.5620 0.1644 0.1739
0.6386 0.0606 0.1169 0.1839
0.0628 0.0712 0.8285 0.0374
0.3037 0.1286 0.5389 0.0288

MOTIF GRKGGCRSYR
letter-probability matrix: alength= 4 w= 10 nsites= 1174 bg_prob= 0.0002 opt_bg_order= 0 log(Pval)= -1042.7417 zoops_score= 0.15838325730372
0.0787 0.0699 0.8005 0.0509
0.3261 0.0912 0.5408 0.0419
0.1142 0.0544 0.5130 0.3184
0.0863 0.0428 0.8381 0.0327
0.0778 0.1259 0.7526 0.0437
0.1387 0.6976 0.0805 0.0833
0.4845 0.0514 0.3700 0.0940
0.0415 0.4445 0.4893 0.0247
0.1260 0.4049 0.1272 0.3419
0.3383 0.1826 0.4112 0.0678

MOTIF GGCCASCAGR
letter-probability matrix: alength= 4 w= 10 nsites= 1267 bg_prob= 0.0003 opt_bg_order= 1 log(Pval)= -701.702 zoops_score= 0.148765853462711
0.1558 0.2017 0.4739 0.1686
0.1850 0.1391 0.5480 0.1279
0.0932 0.6114 0.2394 0.0560
0.1334 0.7160 0.0588 0.0917
0.5911 0.0734 0.1727 0.1629
0.0337 0.5716 0.3701 0.0246
0.0897 0.6066 0.1558 0.1480
0.6455 0.0565 0.1217 0.1764
0.0534 0.0708 0.8409 0.0349
0.3061 0.1248 0.5423 0.0268

MOTIF YCTGSTGGCC
letter-probability matrix: alength= 4 w= 10 nsites= 1267 bg_prob= 0.0003 opt_bg_order= 2 log(Pval)= -705.0391 zoops_score= 0.147382141127565
0.0281 0.5393 0.1289 0.3037
0.0375 0.8282 0.0713 0.0630
0.1846 0.1170 0.0606 0.6378
0.1743 0.1644 0.5621 0.0993
0.0267 0.3653 0.5710 0.0370
0.1643 0.1631 0.0766 0.5959
0.1020 0.0650 0.6813 0.1518
0.0605 0.2375 0.6123 0.0898
0.1250 0.5441 0.1412 0.1897
0.1688 0.4760 0.1888 0.1664

MOTIF YCTGSTGGCC
letter-probability matrix: alength= 4 w= 10 nsites= 1267 bg_prob= 0.0003 opt_bg_order= 1 log(Pval)= -705.0391 zoops_score= 0.147314400858488
0.0263 0.5421 0.1251 0.3066
0.0349 0.8389 0.0708 0.0554
0.1774 0.1220 0.0566 0.6440
0.1480 0.1557 0.6048 0.0916
0.0245 0.3700 0.5708 0.0346
0.1638 0.1726 0.0735 0.5901
0.0916 0.0588 0.7131 0.1365
0.0560 0.2397 0.6099 0.0944
0.1279 0.5473 0.1393 0.1854
0.1671 0.4716 0.2008 0.1605

MOTIF GRGGGCGCYG
letter-probability matrix: alength= 4 w= 10 nsites= 909 bg_prob= 0.0002 opt_bg_order= 2 log(Pval)= -670.6594 zoops_score= 0.142828232435861
0.0673 0.1043 0.7845 0.0439
0.3259 0.1223 0.5216 0.0303
0.0973 0.1102 0.5329 0.2596
0.0716 0.1048 0.7969 0.0266
0.0851 0.1404 0.7200 0.0545
0.1601 0.6054 0.1118 0.1226
0.1820 0.0916 0.6489 0.0775
0.0918 0.6274 0.2057 0.0750
0.0983 0.3634 0.1447 0.3937
0.1880 0.2635 0.4933 0.0551

MOTIF GRGGGCGCYG
letter-probability matrix: alength= 4 w= 10 nsites= 909 bg_prob= 0.0002 opt_bg_order= 1 log(Pval)= -670.6594 zoops_score= 0.140312543352268
0.0642 0.1034 0.7911 0.0414
0.3184 0.1292 0.5249 0.0275
0.1004 0.1155 0.5267 0.2574
0.0709 0.1091 0.7952 0.0248
0.0794 0.1350 0.7417 0.0440
0.1525 0.6291 0.1039 0.1145
0.1689 0.0842 0.6748 0.0721
0.0772 0.6516 0.2068 0.0644
0.0991 0.3604 0.1549 0.3856
0.1766 0.2663 0.5040 0.0531

MOTIF YGGCCASCAG
letter-probability matrix: alength= 4 w= 10 nsites= 1065 bg_prob= 0.0003 opt_bg_order= 2 log(Pval)= -578.6576 zoops_score= 0.134212110665703
0.0940 0.3938 0.1743 0.3379
0.1570 0.1952 0.4721 0.1757
0.1745 0.1564 0.5362 0.1330
0.0872 0.6580 0.1867 0.0681
0.1556 0.6645 0.0760 0.1039
0.5302 0.0984 0.1728 0.1986
0.0330 0.5815 0.3494 0.0361
0.1004 0.5690 0.1542 0.1765
0.6050 0.0828 0.1186 0.1937
0.0612 0.1320 0.7490 0.0578

MOTIF GRGGGCGCTG
letter-probability matrix: alength= 4 w= 10 nsites= 909 bg_prob= 0.0002 opt_bg_order= 0 log(Pval)= -670.6594 zoops_score= 0.126567034320403
0.0771 0.0833 0.7937 0.0459
0.3390 0.1063 0.5263 0.0284
0.1203 0.0627 0.5482 0.2688
0.0724 0.0630 0.8393 0.0253
0.0730 0.1488 0.7403 0.0379
0.2030 0.5445 0.1162 0.1363
0.2085 0.0898 0.6102 0.0914
0.0656 0.6652 0.2146 0.0546
0.1280 0.3116 0.1084 0.4520
0.1765 0.2582 0.5074 0.0579

MOTIF YGGCCASCAG
letter-probability matrix: alength= 4 w= 10 nsites= 1065 bg_prob= 0.0003 opt_bg_order= 1 log(Pval)= -578.6576 zoops_score= 0.122009061465555
0.0933 0.3973 0.1815 0.3280
0.1518 0.2043 0.4672 0.1767
0.1611 0.1618 0.5357 0.1414
0.0904 0.6562 0.1893 0.0642
0.1369 0.6977 0.0697 0.0957
0.5230 0.0956 0.1820 0.1994
0.0302 0.5832 0.3530 0.0337
0.0898 0.6143 0.1446 0.1512
0.5973 0.0826 0.1242 0.1960
0.0536 0.1350 0.7559 0.0556

MOTIF YGGCCASCAG
letter-probability matrix: alength= 4 w= 10 nsites= 1065 bg_prob= 0.0003 opt_bg_order= 0 log(Pval)= -578.6576 zoops_score= 0.113396504103351
0.0997 0.3611 0.1793 0.3599
0.1607 0.1748 0.4524 0.2121
0.1431 0.1570 0.5643 0.1356
0.0722 0.6842 0.1914 0.0521
0.1356 0.7392 0.0441 0.0811
0.5626 0.0750 0.1275 0.2349
0.0226 0.5276 0.4231 0.0266
0.0880 0.7046 0.0986 0.1088
0.6558 0.0423 0.0816 0.2203
0.0421 0.0993 0.8176 0.0409

MOTIF CTGSWGGCCR
letter-probability matrix: alength= 4 w= 10 nsites= 2034 bg_prob= 0.0009 opt_bg_order= 2 log(Pval)= -467.8137 zoops_score= 0.0979667657533482
0.0828 0.6346 0.1875 0.0952
0.2654 0.1891 0.1067 0.4388
0.1712 0.1777 0.5413 0.1098
0.0714 0.3793 0.5057 0.0437
0.2873 0.1433 0.1424 0.4270
0.1021 0.0616 0.7240 0.1123
0.1367 0.1989 0.5666 0.0978
0.1600 0.4157 0.2530 0.1713
0.2172 0.3910 0.2448 0.1471
0.2982 0.2156 0.3803 0.1058

MOTIF CTGSWGGCCR
letter-probability matrix: alength= 4 w= 10 nsites= 2034 bg_prob= 0.0009 opt_bg_order= 1 log(Pval)= -467.8137 zoops_score= 0.0797065488904539
0.0806 0.6389 0.1931 0.0874
0.2673 0.1969 0.1068 0.4290
0.1523 0.1681 0.5762 0.1034
0.0662 0.3867 0.5076 0.0395
0.2901 0.1485 0.1392 0.4223
0.0941 0.0571 0.7469 0.1020
0.1313 0.2013 0.5694 0.0980
0.1706 0.4078 0.2616 0.1600
0.2176 0.3867 0.2530 0.1428
0.2883 0.2227 0.3845 0.1046

MOTIF CWGSWGGCCR
letter-probability matrix: alength= 4 w= 10 nsites= 2034 bg_prob= 0.0009 opt_bg_order= 0 log(Pval)= -467.8137 zoops_score= 0.0710793452514535
0.0632 0.7154 0.1520 0.0694
0.2934 0.1387 0.0660 0.5019
0.1200 0.1262 0.6513 0.1025
0.0530 0.4521 0.4657 0.0291
0.3343 0.0891 0.1048 0.4717
0.0753 0.0365 0.7977 0.0905
0.1131 0.1924 0.6149 0.0796
0.1657 0.4272 0.2579 0.1492
0.2439 0.3709 0.2384 0.1468
0.3111 0.2149 0.3681 0.1059

MOTIF CGTACGTACG
letter-probability matrix: alength= 4 w= 10 nsites= 4275 bg_prob= 0.0021 opt_bg_order= 1 log(Pval)= -840.2707 zoops_score= 0.00319651020712148
0.2398 0.2931 0.2265 0.2405
0.2146 0.1939 0.3230 0.2685
0.2452 0.1951 0.2659 0.2938
0.2858 0.2436 0.1955 0.2751
0.2535 0.3096 0.1976 0.2393
0.2348 0.1977 0.3091 0.2584
0.2701 0.1957 0.2432 0.2909
0.2887 0.2664 0.1949 0.2500
0.2641 0.3234 0.1939 0.2186
0.2358 0.2254 0.2913 0.2475

MOTIF CGTACGTACG
letter-probability matrix: alength= 4 w= 10 nsites= 4275 bg_prob= 0.0021 opt_bg_order= 2 log(Pval)= -840.2707 zoops_score= 0.00146521520333436
0.2332 0.3081 0.2270 0.2317
0.2048 0.2087 0.3318 0.2547
0.2407 0.2028 0.2806 0.2759
0.2764 0.2559 0.2024 0.2653
0.2380 0.3317 0.2085 0.2218
0.2213 0.2083 0.3319 0.2386
0.2650 0.2024 0.2560 0.2766
0.2756 0.2806 0.2030 0.2409
0.2537 0.3311 0.2085 0.2067
0.2295 0.2252 0.3060 0.2393

MOTIF CCSCCSCYGC
letter-probability matrix: alength= 4 w= 10 nsites= 38807 bg_prob= 0.0293 opt_bg_order= 2 log(Pval)= -1394.4261 zoops_score= 0.000398141082843499
0.1468 0.3787 0.2727 0.2018
0.1861 0.2994 0.2847 0.2298
0.1188 0.3762 0.3301 0.1750
0.1593 0.3764 0.2696 0.1947
0.2335 0.3446 0.1534 0.2685
0.1261 0.3582 0.3238 0.1919
0.1482 0.3747 0.3014 0.1757
0.2111 0.3602 0.1348 0.2940
0.1776 0.2605 0.3495 0.2124
0.1435 0.3746 0.3135 0.1684

MOTIF CCSCYSCYGS
letter-probability matrix: alength= 4 w= 10 nsites= 38807 bg_prob= 0.0293 opt_bg_order= 0 log(Pval)= -1394.4261 zoops_score= 0.00030878634660175
0.1371 0.3940 0.2600 0.2090
0.1823 0.2923 0.2652 0.2602
0.1039 0.3803 0.3276 0.1882
0.1359 0.4429 0.2293 0.1919
0.2241 0.3360 0.1402 0.2996
0.1153 0.3453 0.3258 0.2136
0.1246 0.4404 0.2673 0.1677
0.2102 0.3516 0.1213 0.3169
0.1663 0.2493 0.3531 0.2314
0.1303 0.3831 0.3171 0.1694

MOTIF CGGCCGTCCG
letter-probability matrix: alength= 4 w= 10 nsites= 4275 bg_prob= 0.0021 opt_bg_order= 0 log(Pval)= -840.2707 zoops_score= 0.000255194165741502
0.2324 0.3071 0.2261 0.2344
0.1965 0.2134 0.3311 0.2591
0.2122 0.2241 0.2987 0.2650
0.2462 0.2827 0.2196 0.2515
0.2307 0.3243 0.2191 0.2258
0.2153 0.2203 0.3221 0.2423
0.2397 0.2205 0.2811 0.2588
0.2528 0.3005 0.2233 0.2234
0.2479 0.3331 0.2124 0.2066
0.2246 0.2271 0.3055 0.2428

MOTIF CGGTTACGCT
letter-probability matrix: alength= 4 w= 10 nsites= 9945 bg_prob= 0.0066 opt_bg_order= 1 log(Pval)= -734.1761 zoops_score= 0.000211038391212946
0.2210 0.3124 0.2503 0.2163
0.1956 0.2299 0.3382 0.2363
0.2188 0.2241 0.2958 0.2613
0.2481 0.2436 0.2398 0.2685
0.2514 0.2304 0.2565 0.2618
0.2592 0.2859 0.2283 0.2266
0.2373 0.3275 0.2335 0.2016
0.2073 0.2396 0.3258 0.2273
0.2190 0.3005 0.2569 0.2236
0.2401 0.2763 0.2355 0.2481

MOTIF CGGTTCCGCC
letter-probability matrix: alength= 4 w= 10 nsites= 9945 bg_prob= 0.0066 opt_bg_order= 2 log(Pval)= -734.1761 zoops_score= 0.000191875406767979
0.2171 0.3227 0.2488 0.2115
0.1897 0.2406 0.3421 0.2276
0.2163 0.2299 0.3023 0.2514
0.2414 0.2543 0.2470 0.2572
0.2446 0.2378 0.2677 0.2500
0.2533 0.2919 0.2351 0.2197
0.2285 0.3366 0.2425 0.1924
0.2006 0.2453 0.3368 0.2173
0.2184 0.2991 0.2646 0.2180
0.2370 0.2770 0.2413 0.2447

MOTIF CCSCCSCYGC
letter-probability matrix: alength= 4 w= 10 nsites= 38807 bg_prob= 0.0293 opt_bg_order= 1 log(Pval)= -1394.4261 zoops_score= 0.000135495891153132
0.1434 0.3833 0.2728 0.2005
0.1851 0.2968 0.2892 0.2289
0.1158 0.3753 0.3275 0.1814
0.1532 0.3849 0.2670 0.1949
0.2257 0.3504 0.1568 0.2671
0.1246 0.3530 0.3214 0.2010
0.1447 0.3827 0.2975 0.1751
0.2029 0.3696 0.1344 0.2931
0.1751 0.2587 0.3527 0.2135
0.1374 0.3881 0.3028 0.1718

MOTIF CGGTGCCGCC
letter-probability matrix: alength= 4 w= 10 nsites= 9945 bg_prob= 0.0066 opt_bg_order= 0 log(Pval)= -734.1761 zoops_score= 3.65411850374413e-05
0.2175 0.3166 0.2497 0.2162
0.1837 0.2447 0.3363 0.2353
0.1945 0.2468 0.3137 0.2450
0.2246 0.2641 0.2578 0.2535
0.2270 0.2502 0.2776 0.2453
0.2315 0.3073 0.2508 0.2104
0.2265 0.3269 0.2490 0.1976
0.1971 0.2530 0.3316 0.2183
0.2002 0.3192 0.2760 0.2046
0.2318 0.2790 0.2430 0.2463

