MEME version 4

ALPHABET= ACGT

Background letter frequencies
A 0.196944 C 0.303056 G 0.303056 T 0.196944

MOTIF VTGAGTCAB
letter-probability matrix: alength= 4 w= 9 nsites= 16237 bg_prob= 0.0007 log(Pval)= -2142.2251		 
0.48466 0.20870 0.28070 0.02595	
0.02595	0.01951	0.01951	0.93504	
0.02595	0.01951	0.85694	0.09761	
0.93504	0.01951	0.01951 0.02595
0.02595	0.01951	0.92860	0.02595	
0.02595	0.01951	0.01951	0.93504	
0.02595	0.92860	0.01951	0.02595	
0.93504	0.01951	0.01951	0.02595	
0.02595 0.30819	0.18249 0.48338

MOTIF NNRTGACVTCAYY
letter-probability matrix: alength= 4 w= 13 nsites= 2133 bg_prob= 0 log(Pval)= -541.3321		 
0.24502	0.24071	0.25051	0.26377	
0.24928	0.17550	0.40309	0.17213	
0.60303	0.14481	0.22409	0.02808	
0.02850	0.01993	0.02121	0.93035	
0.02680	0.02036	0.92647	0.02637	
0.93248	0.02079	0.01993	0.02680	
0.02723	0.92647	0.01993	0.02637	
0.45812	0.29057	0.18828	0.06303	
0.02637	0.02079	0.01951	0.93333	
0.02637	0.92604	0.02121	0.02637	
0.93163	0.02036	0.02079	0.02723	
0.03021	0.35664	0.03059	0.58257	
0.07752	0.56079	0.04124	0.32045	

MOTIF ACACACACACACACACA
letter-probability matrix: alength= 4 w= 9 nsites= 229 bg_prob= 0.001 log(Pval)= -293.2		 
0.93504	0.01951	0.01951	0.02595	
0.02595	0.92860	0.01951	0.02595	
0.93504	0.01951	0.01951	0.02595	
0.02595	0.92860	0.01951	0.02595	
0.89137	0.02745	0.05524	0.02595	
0.02595	0.92860	0.01951	0.02595	
0.93504	0.01951	0.01951	0.02595	
0.02595	0.92860	0.01951	0.02595	
0.93504	0.01951	0.01951	0.02595	
0.02595	0.92860	0.01951	0.02595	
0.93504	0.01951	0.01951	0.02595	
0.02595	0.92860	0.01951	0.02595	
0.93504	0.01951	0.01951	0.02595	
0.02595	0.92860	0.01951	0.02595	
0.93504	0.01951	0.01951	0.02595	
0.02595	0.92860	0.01951	0.02595	
0.91916	0.01951	0.03539	0.02595	

