MEME version 4

ALPHABET= ACGT

Background letter frequencies
A 0.196944 C 0.303056 G 0.303056 T 0.196944

MOTIF YGCCMYCTG
letter-probability matrix: alength= 4 w= 9 nsites= 9426 bg_prob= 0 log(Pval)= -3941.39
0.0677 0.5201 0.0792 0.3330
0.0881 0.1020 0.6576 0.1523
0.0816 0.6939 0.1361 0.0884
0.0549 0.7732 0.0783 0.0936
0.3019 0.5216 0.0754 0.1011
0.0491 0.5395 0.0769 0.3345
0.0518 0.7783 0.0965 0.0734
0.1663 0.1220 0.1030 0.6087
0.1805 0.1123 0.6503 0.0568

MOTIF SYGCCCYC
letter-probability matrix: alength= 4 w= 8 nsites= 4695 bg_prob= 0.0007 log(Pval)= -2142.2251
0.0501 0.5229 0.3371 0.0898
0.1254 0.4041 0.1097 0.3608
0.1244 0.1606 0.5179 0.1971
0.0947 0.5692 0.2164 0.1197
0.0858 0.6454 0.1307 0.1381
0.2523 0.4555 0.1234 0.1688
0.0786 0.4702 0.1656 0.2855
0.0913 0.6078 0.1675 0.1335

