MEME version 4

ALPHABET= ACGT

Background letter frequencies
A 0.242245 C 0.260677 G 0.26077 T 0.236308

MOTIF RTGASTCAYCC
letter-probability matrix: alength= 4 w= 11 nsites= 75765 bg_prob= 0.0 opt_bg_order= 2 log(Pval)= -24481.7539 zoops_score= 0.121919126667696
0.4248 0.1911 0.3550 0.0291
0.0206 0.0081 0.0188 0.9525
0.0148 0.0304 0.9023 0.0524
0.9133 0.0224 0.0377 0.0266
0.0528 0.4432 0.4513 0.0527
0.0239 0.0374 0.0175 0.9212
0.0474 0.9090 0.0295 0.0141
0.9507 0.0201 0.0073 0.0220
0.0310 0.3534 0.1856 0.4301
0.1852 0.3781 0.1749 0.2618
0.2105 0.3430 0.2298 0.2167

MOTIF GGGRTGASTC
letter-probability matrix: alength= 4 w= 10 nsites= 15554 bg_prob= 0.0003 opt_bg_order= 2 log(Pval)= -12804.9004 zoops_score= 0.0597113814572815
0.2735 0.1939 0.3218 0.2109
0.2169 0.2540 0.3304 0.1988
0.2667 0.1844 0.3758 0.1731
0.3835 0.2158 0.3415 0.0591
0.0827 0.0368 0.1031 0.7775
0.0423 0.1038 0.7906 0.0632
0.7424 0.0618 0.1078 0.0880
0.0666 0.4600 0.3957 0.0777
0.0786 0.1055 0.1015 0.7144
0.0879 0.6980 0.1200 0.0941

MOTIF GASTCAYCCC
letter-probability matrix: alength= 4 w= 10 nsites= 15554 bg_prob= 0.0003 opt_bg_order= 2 log(Pval)= -12877.6152 zoops_score= 0.0475650484227219
0.0917 0.1204 0.6996 0.0882
0.7143 0.1014 0.1055 0.0787
0.0780 0.3957 0.4600 0.0663
0.0878 0.1079 0.0619 0.7425
0.0634 0.7907 0.1037 0.0422
0.7777 0.1030 0.0367 0.0827
0.0593 0.3417 0.2159 0.3832
0.1731 0.3761 0.1845 0.2663
0.1986 0.3301 0.2535 0.2178
0.2096 0.3202 0.1928 0.2774

MOTIF SSSSSSSSSS
letter-probability matrix: alength= 4 w= 10 nsites= 232298 bg_prob= 0.0099 opt_bg_order= 2 log(Pval)= -58958.3086 zoops_score= 0.00687121589051523
0.1368 0.3527 0.3620 0.1484
0.1434 0.3986 0.3280 0.1299
0.1589 0.3460 0.3456 0.1495
0.1408 0.3243 0.3936 0.1413
0.1520 0.3773 0.3264 0.1443
0.1361 0.4032 0.3257 0.1350
0.1323 0.3260 0.3981 0.1435
0.1439 0.3220 0.3841 0.1500
0.1566 0.3446 0.3367 0.1621
0.1451 0.3575 0.3536 0.1438

MOTIF YYYYYCYYCY
letter-probability matrix: alength= 4 w= 10 nsites= 209231 bg_prob= 0.0137 opt_bg_order= 2 log(Pval)= -13334.708 zoops_score= 0.00175801023537114
0.1465 0.3680 0.1874 0.2981
0.1410 0.3669 0.1747 0.3175
0.1607 0.3383 0.1846 0.3164
0.1643 0.3277 0.1859 0.3221
0.1315 0.3477 0.2164 0.3045
0.1497 0.3580 0.2065 0.2858
0.1608 0.3404 0.1724 0.3263
0.1360 0.3671 0.1535 0.3433
0.1382 0.3941 0.1908 0.2770
0.1695 0.3431 0.1851 0.3024

MOTIF ATTWATWAAT
letter-probability matrix: alength= 4 w= 10 nsites= 182966 bg_prob= 0.0098 opt_bg_order= 2 log(Pval)= -25460.748 zoops_score= 4.74606464983268e-05
0.2899 0.2335 0.1967 0.2798
0.2703 0.1843 0.2567 0.2886
0.2916 0.1715 0.2258 0.3111
0.3132 0.2100 0.1760 0.3008
0.2903 0.2453 0.1857 0.2787
0.2782 0.1857 0.2453 0.2908
0.3004 0.1761 0.2100 0.3135
0.3107 0.2260 0.1715 0.2919
0.2875 0.2564 0.1841 0.2720
0.2774 0.1956 0.2321 0.2950

MOTIF AATTAATTAA
letter-probability matrix: alength= 4 w= 10 nsites= 335735 bg_prob= 0.0218 opt_bg_order= 2 log(Pval)= -22701.6309 zoops_score= 7.30044189304958e-06
0.2964 0.2193 0.1926 0.2917
0.2800 0.2524 0.2037 0.2638
0.2550 0.1939 0.2749 0.2763
0.2826 0.1822 0.2335 0.3017
0.3013 0.2269 0.1791 0.2927
0.2792 0.2633 0.1949 0.2626
0.2604 0.2073 0.2593 0.2730
0.2884 0.1865 0.2185 0.3065
0.2894 0.2574 0.1810 0.2722
0.2940 0.2194 0.1974 0.2893
